point 0 0.49999999786785188 0.50000000000000011 0.99203031010045661 0.0085163941149577378 
point 1 0.94008527314413159 0.5 0.72004267384640708 0.0085163942287672049 
point 2 0.63599383463359771 0.91854598258701725 0.72004264018309805 0.0085163940726769079 
point 3 0.14396352369533644 0.75867564628902862 0.72004263974523064 0.0085163944475866258 
point 4 0.14396352369533649 0.24132435371097127 0.72004263974523064 0.0085163944475866206 
point 5 0.63599383463359793 0.081454017412982804 0.72004264018309816 0.0085163940726769097 
point 6 0.8560364763046624 0.75867564628902862 0.27995736025476936 0.0085163944475866258 
point 7 0.85603647630466229 0.24132435371097127 0.27995736025476931 0.0085163944475866258 
point 8 0.36400616536640118 0.91854598258701747 0.2799573598169019 0.0085163940726768923 
point 9 0.059914726855867399 0.5 0.27995732615359292 0.0085163942287672066 
point 10 0.36400616536640118 0.081454017412982763 0.2799573598169019 0.0085163940726768975 
point 11 0.5000000021321469 0.5 0.0079696898995434765 0.0085163941149577309 
point 12 0.75821723876990699 0.50000000000000011 0.91780430357523324 0.0095945960327395562 
point 13 0.83801076376364136 0.74557920195706784 0.75821726759141184 0.0095945964696927486 
point 14 0.57979351907097676 0.74557920426906266 0.91780429252662821 0.0095945965613839189 
point 15 0.37089137548484313 0.89735549936238213 0.75821724993172779 0.0095945966796408735 
point 16 0.29109785349178557 0.65177629710425278 0.91780429212002435 0.009594596959302943 
point 17 0.082195704425686897 0.5 0.75821724936598223 0.009594597401195476 
point 18 0.29109785349178557 0.34822370289574728 0.91780429212002457 0.0095945969593029361 
point 19 0.37089137548484297 0.10264450063761794 0.75821724993172757 0.0095945966796408821 
point 20 0.57979351907097687 0.25442079573093723 0.9178042925266281 0.0095945965613839258 
point 21 0.83801076376364125 0.25442079804293211 0.75821726759141184 0.0095945964696927503 
point 22 0.78869566501954691 0.1026445030209624 0.50000000093423547 0.0095945966177011493 
point 23 0.96711939885267506 0.34822370222246801 0.50000002034894364 0.009594597388372544 
point 24 0.9178042955743122 0.5 0.2417827506340178 0.0095945974011954725 
point 25 0.96711939885267517 0.65177629777753232 0.50000002034894386 0.009594597388372544 
point 26 0.7886956650195468 0.89735549697903771 0.50000000093423547 0.009594596617701158 
point 27 0.62910862451515592 0.89735549936238213 0.24178275006827221 0.0095945966796408717 
point 28 0.49999999999999944 0.99115840431915037 0.5 0.0095945964950186705 
point 29 0.21130433498045212 0.89735549697903749 0.4999999990657647 0.0095945966177011545 
point 30 0.16198923623635769 0.74557920195706784 0.24178273240858822 0.0095945964696927486 
point 31 0.032880601147323864 0.65177629777753221 0.49999997965105636 0.0095945973883725492 
point 32 0.032880601147323878 0.34822370222246785 0.49999997965105625 0.0095945973883725492 
point 33 0.16198923623635775 0.25442079804293216 0.24178273240858827 0.0095945964696927451 
point 34 0.21130433498045209 0.1026445030209624 0.4999999990657647 0.0095945966177011493 
point 35 0.49999999999999944 0.0088415956808497523 0.5 0.0095945964950186619 
point 36 0.62910862451515592 0.10264450063761793 0.24178275006827224 0.00959459667964087 
point 37 0.70890214650821326 0.34822370289574728 0.08219570787997546 0.0095945969593029291 
point 38 0.70890214650821326 0.65177629710425267 0.08219570787997546 0.0095945969593029274 
point 39 0.42020648092902213 0.74557920426906277 0.082195707473371821 0.0095945965613839189 
point 40 0.42020648092902207 0.25442079573093729 0.082195707473371751 0.009594596561383912 
point 41 0.24178276123009207 0.5 0.082195696424766845 0.009594596032739558 
point 42 0.63271501798716412 0.50000000000000011 0.97336099970525902 0.0091073513390737375 
point 43 0.90504616744078303 0.62621949087503204 0.74837502715156601 0.0091073516733790171 
point 44 0.61249299660892464 0.84621784486365159 0.83039739909077537 0.0091073517766178443 
point 45 0.50512428697080491 0.92422578002266997 0.74837500042247895 0.009107351866979382 
point 46 0.20548951314678621 0.71397439871602653 0.83039739886659303 0.0091073521129980978 
point 47 0.098120799650488408 0.63596646225866105 0.7483749996333644 0.0091073525029487842 
point 48 0.20548951314678621 0.28602560128397364 0.83039739886659303 0.0091073521129981048 
point 49 0.24650071331487472 0.15980611072133741 0.74837500063647167 0.0091073518494185161 
point 50 0.61249299660892464 0.15378215513634838 0.83039739909077548 0.0091073517766178461 
point 51 0.74520801800514413 0.15378215736035419 0.74837500899129661 0.0091073516741875318 
point 52 0.71986170774159042 0.075774221697757271 0.61565997632539693 0.009107351741748617 
point 53 0.92722551368565054 0.28602560054444315 0.38434003332977673 0.009107352458966678 
point 54 0.90187920034951063 0.36403353774133901 0.25162500036663554 0.0091073525029487928 
point 55 0.92722551368565087 0.71397439945555685 0.38434003332977684 0.0091073524589666832 
point 56 0.83552168438809749 0.84019388752991164 0.38434002516464455 0.0091073518740804223 
point 57 0.75349928668512411 0.84019388927866234 0.25162499936352828 0.0091073518494185178 
point 58 0.42851820148328557 0.97243733358898488 0.38434002396109634 0.0091073516936377146 
point 59 0.28013829225840847 0.92422577830224251 0.38434002367460307 0.0091073517417486188 
point 60 0.25479198199485459 0.84621784263964561 0.25162499100870339 0.0091073516741875422 
point 61 0.028596313256555365 0.57800793649344062 0.38433999390719581 0.0091073525060070513 
point 62 0.028596313256555362 0.42199206350655949 0.38433999390719581 0.0091073525060070461 
point 63 0.094953832559215953 0.37378050912496802 0.25162497284843405 0.0091073516733790189 
point 64 0.28013829225840842 0.075774221697757271 0.38434002367460302 0.0091073517417486118 
point 65 0.42851820148328562 0.027562666411015443 0.38434002396109629 0.0091073516936377129 
point 66 0.49487571302919403 0.075774219977330068 0.25162499957752127 0.009107351866979389 
point 67 0.79451048685321257 0.28602560128397364 0.16960260113340694 0.0091073521129981048 
point 68 0.60736871160964534 0.57800793687285423 0.02663900360760579 0.0091073521033024959 
point 69 0.4589888029743478 0.62621949203081873 0.02663900320853994 0.0091073517190733474 
point 70 0.3875070033910743 0.15378215513634835 0.16960260090922463 0.0091073517766178478 
point 71 0.36728498201283488 0.5 0.02663900029474105 0.0091073513390737271 
point 72 0.8640349642176508 0.5 0.83039742265897731 0.0091073512459170121 
point 73 0.74520801800514413 0.84621784263964572 0.74837500899129661 0.0091073516741875388 
point 74 0.54101119702565104 0.62621949203081873 0.97336099679145993 0.0091073517190733474 
point 75 0.24650071331487466 0.84019388927866256 0.74837500063647167 0.0091073518494185247 
point 76 0.39263128839035338 0.57800793687285434 0.97336099639239404 0.0091073521033024959 
point 77 0.098120799650488408 0.3640335377413389 0.74837499963336451 0.0091073525029487842 
point 78 0.39263128839035338 0.42199206312714577 0.97336099639239426 0.0091073521033024907 
point 79 0.5051242869708048 0.075774219977330026 0.74837500042247884 0.0091073518669793768 
point 80 0.54101119702565126 0.37378050796918144 0.97336099679146015 0.0091073517190733526 
point 81 0.90504616744078303 0.37378050912496802 0.74837502715156601 0.0091073516733790154 
point 82 0.83552168438809749 0.15980611247008839 0.38434002516464461 0.009107351874080424 
point 83 0.97140368674344368 0.42199206350655949 0.61566000609280436 0.0091073525060070444 
point 84 0.90187920034951052 0.63596646225866083 0.25162500036663554 0.0091073525029488032 
point 85 0.97140368674344357 0.57800793649344062 0.61566000609280447 0.0091073525060070479 
point 86 0.71986170774159042 0.92422577830224273 0.61565997632539682 0.0091073517417486153 
point 87 0.49487571302919403 0.92422578002267008 0.25162499957752127 0.0091073518669794011 
point 88 0.57148179851671332 0.97243733358898465 0.61565997603890377 0.0091073516936377163 
point 89 0.16447831561190146 0.84019388752991175 0.61565997483535539 0.0091073518740804223 
point 90 0.094953832559215939 0.62621949087503204 0.25162497284843399 0.0091073516733790223 
point 91 0.072774486314348213 0.71397439945555663 0.61565996667022327 0.0091073524589666867 
point 92 0.072774486314348227 0.2860256005444432 0.61565996667022316 0.0091073524589666867 
point 93 0.2547919819948547 0.15378215736035419 0.25162499100870339 0.0091073516741875422 
point 94 0.16447831561190143 0.15980611247008841 0.61565997483535539 0.0091073518740804188 
point 95 0.57148179851671332 0.027562666411015433 0.61565997603890388 0.0091073516936377146 
point 96 0.75349928668512434 0.15980611072133741 0.25162499936352839 0.0091073518494185091 
point 97 0.60736871160964545 0.42199206312714566 0.026639003607605793 0.0091073521033024924 
point 98 0.79451048685321268 0.71397439871602619 0.16960260113340694 0.0091073521129980944 
point 99 0.38750700339107436 0.84621784486365181 0.16960260090922469 0.0091073517766178426 
point 100 0.45898880297434769 0.37378050796918122 0.026639003208539916 0.0091073517190733561 
point 101 0.13596503578234803 0.5 0.16960257734102258 0.0091073512459170052 
point 102 0.72093105207008712 0.75347877492638948 0.85747396705548506 0.010079254797693121 
point 103 0.6813915396961977 0.63178867364143909 0.936552987688967 0.010079254757271675 
point 104 0.8093440788333337 0.63178867294145202 0.85747397501286049 0.010079254731874517 
point 105 0.32719881211845842 0.78844717658690233 0.85747395890143596 0.010079255545054476 
point 106 0.4307145951206402 0.71323855612974607 0.93655298230144801 0.010079255554481456 
point 107 0.47025410684224389 0.83492865820568019 0.85747395885524602 0.01007925554543653 
point 108 0.17227193242739486 0.42479137906398534 0.85747396039347556 0.010079255778946248 
point 109 0.27578771633656052 0.49999999999999989 0.9365529832143713 0.010079255764232667 
point 110 0.17227193242739486 0.57520862093601466 0.8574739603934759 0.010079255778946247 
point 111 0.47025410684224395 0.16507134179431993 0.8574739588552458 0.010079255545436538 
point 112 0.43071459512064009 0.28676144387025393 0.9365529823014479 0.01007925555448146 
point 113 0.32719881211845847 0.21155282341309778 0.8574739589014363 0.010079255545054476 
point 114 0.8093440788333337 0.36821132705854803 0.85747397501286049 0.010079254731874539 
point 115 0.68139153969619781 0.36821132635856091 0.93655298768896689 0.010079254757271668 
point 116 0.72093105207008723 0.24652122507361057 0.85747396705548518 0.010079254797693123 
point 117 0.89701346964099327 0.21155282385492266 0.50530914485318434 0.010079255551115567 
point 118 0.92145022685173128 0.28676144424104572 0.63326169797031318 0.010079255551581068 
point 119 0.83303719513763153 0.16507134350348543 0.63326168707009078 0.010079255486203332 
point 120 0.95963348771191126 0.59820599027462307 0.35449379734310738 0.002869908086221742 
point 121 0.99154254295087219 0.50000000000000011 0.52157181254200757 0.0028699081613305032 
point 122 0.95963348771191126 0.40179400972537677 0.35449379734310726 0.0028699080862217476 
point 123 0.81412726617046582 0.84961609701530671 0.64550622181083628 0.0028699077380625855 
point 124 0.92957532400918319 0.69071547431985925 0.64550623440692123 0.0028699079330486259 
point 125 0.89766627094817486 0.78892146124161744 0.47842822267552526 0.0028699079316602616 
point 126 0.5486351138454717 0.96748474158465148 0.35449378798315345 0.0028699077998405437 
point 127 0.6518949986924939 0.96748474089627656 0.52157178733350984 0.0028699077508218913 
point 128 0.73543399840956292 0.90679010581378983 0.35449378765664979 0.0028699077724224876 
point 129 0.26456600159043597 0.90679010581378983 0.64550621234335037 0.0028699077724224863 
point 130 0.45136488615452719 0.96748474158465148 0.64550621201684666 0.0028699077998405515 
point 131 0.34810500130750505 0.96748474089627656 0.4784282126664901 0.0028699077508218922 
point 132 0.070424675990815741 0.69071547431985925 0.35449376559307888 0.0028699079330486163 
point 133 0.10233372905182404 0.78892146124161766 0.52157177732447479 0.0028699079316602564 
point 134 0.18587273382953312 0.8496160970153066 0.35449377818916367 0.0028699077380625812 
point 135 0.040366512288087748 0.40179400972537688 0.64550620265689274 0.0028699080862217502 
point 136 0.040366512288087741 0.59820599027462307 0.64550620265689274 0.0028699080862217455 
point 137 0.00845745704912668 0.5 0.47842818745799254 0.0028699081613305054 
point 138 0.18587273382953315 0.1503839029846934 0.35449377818916372 0.0028699077380625847 
point 139 0.1023337290518241 0.21107853875838237 0.52157177732447468 0.0028699079316602608 
point 140 0.070424675990815741 0.30928452568014086 0.35449376559307888 0.0028699079330486215 
point 141 0.44224537836487304 0.027629172761525381 0.62224768069571912 0.0046555452161194371 
point 142 0.2690718688527079 0.08389665590709007 0.62224768077966552 0.0046555451916353557 
point 143 0.34833785385716143 0.033231905710442294 0.50525522720615523 0.0064411825534268748 
point 144 0.71568480086616681 0.079747086276054868 0.36669946351893007 0.006441182582775198 
point 145 0.65166214614283746 0.033231905710442287 0.49474477279384471 0.0064411825534268791 
point 146 0.57252579068967158 0.033231904977745391 0.36669946356607019 0.0064411826200276327 
point 147 0.72418793977878892 0.5 0.063375166865543411 0.0064411829328933747 
point 148 0.8277787736590515 0.57526314797204037 0.14251152274218309 0.006441182992515811 
point 149 0.8277787736590515 0.42473685202795969 0.14251152274218312 0.0064411829925158127 
point 150 0.52970970394600481 0.83499373232400409 0.14251152429153449 0.0064411828227964683 
point 151 0.67286871517403279 0.78847855116995769 0.14251152424501978 0.0064411828212483039 
point 152 0.56927788219519737 0.7132154036866688 0.063375167731520535 0.0064411828594483711 
point 153 0.56927788219519737 0.2867845963133312 0.063375167731520535 0.0064411828594483711 
point 154 0.67286871517403268 0.21152144883004226 0.14251152424501978 0.0064411828212482996 
point 155 0.52970970394600481 0.16500626767599594 0.14251152429153452 0.0064411828227964839 
point 156 0.19058284905478715 0.63177436396633779 0.1425115080967416 0.0064411822302135307 
point 157 0.27905997600140614 0.75355269261260638 0.14251151611002436 0.0064411824969239535 
point 158 0.31862815488261531 0.63177436461218428 0.063375162396033691 0.0064411823331280123 
point 159 0.2790599760014062 0.24644730738739373 0.14251151611002433 0.0064411824969239492 
point 160 0.19058284905478717 0.36822563603366221 0.14251150809674162 0.0064411822302135446 
point 161 0.31862815488261526 0.36822563538781583 0.063375162396033691 0.0064411823331280175 
